z001:
RV=[0.7895, 0.8223, 0.8188, 0.6979, 0.6882, 0.6855, 0.6890, 0.6911, 0.6973, 0.6916, 0.6854, 0.6807, 0.6849, 0.6931, 0.6907, 0.6910, 0.6977, 0.7061, 0.7041, 0.7079, 0.7145, 0.7079, 0.6974, 0.6796, 0.6866, 0.7062, 0.7156, 0.7156]
MYO=[0.7100, 0.7023, 0.6987, 0.7043, 0.6293, 0.6383, 0.6291, 0.6422, 0.6503, 0.6510, 0.6607, 0.6340, 0.6587, 0.6419, 0.6616, 0.6598, 0.6764, 0.7006, 0.7109, 0.6802, 0.7137, 0.7383, 0.7014, 0.6882, 0.7269, 0.7124, 0.7183, 0.6996]
LV=[0.8454, 0.8533, 0.8476, 0.8370, 0.8277, 0.8010, 0.8364, 0.8575, 0.8562, 0.8545, 0.8296, 0.8503, 0.8365, 0.8457, 0.8520, 0.8580, 0.8568, 0.8581, 0.8615, 0.8501, 0.8520, 0.8620, 0.8507, 0.8493, 0.8585, 0.8685, 0.8606, 0.8527]
foreground=[0.8957, 0.9147, 0.9056, 0.8761, 0.8020, 0.7918, 0.7926, 0.7999, 0.8033, 0.8039, 0.8045, 0.8069, 0.8108, 0.8160, 0.8092, 0.8390, 0.8070, 0.8180, 0.8198, 0.8453, 0.8767, 0.8385, 0.8602, 0.8393, 0.8777, 0.8811, 0.8462, 0.8625]
z002:
RV=[0.9191, 0.9170, 0.9200, 0.9170, 0.9146, 0.9113, 0.9095, 0.9079, 0.8969, 0.9006, 0.9028, 0.8940, 0.8930, 0.8954, 0.9038, 0.9083, 0.9094, 0.9169, 0.9166, 0.9139, 0.9109, 0.9131, 0.9125, 0.9012, 0.9060, 0.9022, 0.9162, 0.9242]
MYO=[0.8498, 0.8465, 0.8350, 0.8311, 0.8274, 0.7943, 0.7860, 0.7771, 0.7857, 0.7801, 0.7857, 0.7909, 0.8011, 0.7802, 0.7578, 0.7496, 0.7750, 0.8049, 0.8205, 0.8079, 0.8165, 0.8228, 0.8212, 0.8270, 0.8213, 0.8311, 0.8316, 0.8414]
LV=[0.9504, 0.9530, 0.9490, 0.9399, 0.9302, 0.9192, 0.9201, 0.9186, 0.9175, 0.9166, 0.9127, 0.9275, 0.9254, 0.9150, 0.9032, 0.8996, 0.9073, 0.9161, 0.9167, 0.9153, 0.9274, 0.9269, 0.9165, 0.9226, 0.9305, 0.9421, 0.9445, 0.9424]
foreground=[0.9583, 0.9584, 0.9575, 0.9558, 0.9531, 0.9468, 0.9444, 0.9410, 0.9411, 0.9399, 0.9436, 0.9412, 0.9420, 0.9375, 0.9382, 0.9399, 0.9446, 0.9530, 0.9572, 0.9546, 0.9542, 0.9551, 0.9532, 0.9498, 0.9539, 0.9514, 0.9539, 0.9591]
z003:
RV=[0.8876, 0.8971, 0.8936, 0.8916, 0.8984, 0.9000, 0.8961, 0.8941, 0.8968, 0.8975, 0.8987, 0.8950, 0.8853, 0.8730, 0.8687, 0.8848, 0.8834, 0.8667, 0.8693, 0.8686, 0.8688, 0.8734, 0.8728, 0.8715, 0.8736, 0.8650, 0.8702, 0.8840]
MYO=[0.8981, 0.9029, 0.8959, 0.8891, 0.8930, 0.8991, 0.8908, 0.8957, 0.9023, 0.9038, 0.9000, 0.8987, 0.8959, 0.8822, 0.8615, 0.8823, 0.8977, 0.9063, 0.9117, 0.9032, 0.9099, 0.9095, 0.9120, 0.9131, 0.9061, 0.9090, 0.8995, 0.9020]
LV=[0.9637, 0.9665, 0.9659, 0.9630, 0.9594, 0.9617, 0.9575, 0.9616, 0.9644, 0.9666, 0.9633, 0.9662, 0.9617, 0.9525, 0.9421, 0.9546, 0.9645, 0.9652, 0.9617, 0.9606, 0.9696, 0.9706, 0.9666, 0.9663, 0.9671, 0.9676, 0.9690, 0.9672]
foreground=[0.9614, 0.9656, 0.9627, 0.9610, 0.9635, 0.9641, 0.9602, 0.9599, 0.9618, 0.9628, 0.9615, 0.9588, 0.9560, 0.9518, 0.9506, 0.9580, 0.9609, 0.9601, 0.9618, 0.9604, 0.9617, 0.9630, 0.9611, 0.9609, 0.9602, 0.9588, 0.9575, 0.9607]
z004:
RV=[0.8680, 0.8637, 0.8562, 0.8725, 0.8731, 0.7556, 0.8655, 0.8590, 0.8578, 0.8484, 0.8648, 0.8678, 0.8695, 0.8708, 0.8509, 0.8618, 0.8571, 0.8416, 0.8663, 0.8828, 0.8723, 0.8763, 0.8787, 0.8785, 0.8760, 0.8673, 0.8712, 0.8810]
MYO=[0.8933, 0.9021, 0.9037, 0.9088, 0.9073, 0.9133, 0.9167, 0.9159, 0.9176, 0.9259, 0.9233, 0.9271, 0.9189, 0.9020, 0.8841, 0.9047, 0.9084, 0.9107, 0.9103, 0.9093, 0.9103, 0.9156, 0.9156, 0.9163, 0.9126, 0.9146, 0.9113, 0.9126]
LV=[0.9566, 0.9599, 0.9626, 0.9592, 0.9521, 0.7196, 0.9579, 0.9640, 0.9662, 0.9662, 0.9659, 0.9706, 0.9637, 0.9530, 0.9473, 0.9618, 0.9686, 0.9670, 0.9639, 0.9609, 0.9647, 0.9658, 0.9654, 0.9663, 0.9663, 0.9664, 0.9682, 0.9688]
foreground=[0.9615, 0.9632, 0.9621, 0.9635, 0.9621, 0.9608, 0.9621, 0.9636, 0.9641, 0.9651, 0.9655, 0.9657, 0.9635, 0.9628, 0.9574, 0.9599, 0.9611, 0.9598, 0.9628, 0.9660, 0.9657, 0.9687, 0.9684, 0.9681, 0.9673, 0.9646, 0.9657, 0.9681]
z005:
RV=[0.8376, 0.8286, 0.8156, 0.8223, 0.6759, 0.2956, 0.6455, 0.7012, 0.7882, 0.7692, 0.6872, 0.8115, 0.8430, 0.8528, 0.7975, 0.7269, 0.7268, 0.7321, 0.8057, 0.8077, 0.8049, 0.8316, 0.8255, 0.8371, 0.8421, 0.8489, 0.8465, 0.8492]
MYO=[0.8794, 0.8800, 0.8841, 0.8911, 0.8944, 0.8934, 0.9051, 0.8990, 0.9059, 0.9146, 0.9123, 0.9227, 0.9230, 0.9138, 0.8954, 0.8937, 0.8874, 0.8922, 0.8987, 0.9005, 0.8982, 0.8988, 0.8960, 0.8978, 0.8952, 0.8966, 0.8934, 0.8932]
LV=[0.9589, 0.9595, 0.9630, 0.9633, 0.7098, 0.0000, 0.7190, 0.7270, 0.9556, 0.9610, 0.7242, 0.9605, 0.9622, 0.9565, 0.9456, 0.7167, 0.7238, 0.7275, 0.9632, 0.9610, 0.9630, 0.9622, 0.9583, 0.9609, 0.9648, 0.9634, 0.9604, 0.9588]
foreground=[0.9626, 0.9596, 0.9595, 0.9623, 0.9641, 0.9594, 0.9636, 0.9660, 0.9695, 0.9700, 0.9663, 0.9710, 0.9715, 0.9704, 0.9627, 0.9656, 0.9637, 0.9626, 0.9613, 0.9636, 0.9624, 0.9642, 0.9639, 0.9645, 0.9649, 0.9643, 0.9632, 0.9656]
z006:
RV=[0.7787, 0.7695, 0.6861, 0.6316, 0.6660, 0.5768, 0.4618, 0.3535, 0.4164, 0.4007, 0.1791, 0.4822, 0.7005, 0.6729, 0.4461, 0.3617, 0.7197, 0.5374, 0.4495, 0.6013, 0.5889, 0.7192, 0.7276, 0.7240, 0.7267, 0.7281, 0.7482, 0.7515]
MYO=[0.7941, 0.7946, 0.8060, 0.8169, 0.8277, 0.8349, 0.8510, 0.8435, 0.8533, 0.8477, 0.8482, 0.8552, 0.8563, 0.8451, 0.8382, 0.8276, 0.8172, 0.8249, 0.8289, 0.8295, 0.8268, 0.8232, 0.8211, 0.8139, 0.8088, 0.8040, 0.8036, 0.8059]
LV=[0.9298, 0.9303, 0.9270, 0.9066, 0.9006, 0.6694, 0.4838, 0.0633, 0.4792, 0.4830, 0.0027, 0.5072, 0.9338, 0.9286, 0.6875, 0.1186, 0.2633, 0.1456, 0.6946, 0.7294, 0.7310, 0.9415, 0.9386, 0.9289, 0.9289, 0.9299, 0.9372, 0.9398]
foreground=[0.9445, 0.9459, 0.9475, 0.9532, 0.9479, 0.9461, 0.9526, 0.9549, 0.9459, 0.9445, 0.9539, 0.9544, 0.9492, 0.9424, 0.9346, 0.9395, 0.9317, 0.9310, 0.9349, 0.9378, 0.9368, 0.9433, 0.9437, 0.9431, 0.9430, 0.9427, 0.9418, 0.9416]
z007:
RV=[0.7093, 0.5702, 0.2774, 0.0017, 0.0417, 0.2096, 0.5471, 0.8322, 0.6723, 0.4511, 0.1014, 0.3585, 0.3520, 0.5449, 0.5611, 0.2529, 0.6488, 0.6520, 0.0628, 0.4904, 0.4924, 0.3756, 0.5505, 0.5454, 0.5738, 0.4948, 0.5229, 0.5722]
MYO=[0.7467, 0.7504, 0.7636, 0.7835, 0.7856, 0.7828, 0.7812, 0.7913, 0.7974, 0.7973, 0.8000, 0.7938, 0.7913, 0.7856, 0.7793, 0.7745, 0.7794, 0.7754, 0.7791, 0.7869, 0.7846, 0.7838, 0.7825, 0.7799, 0.7795, 0.7736, 0.7719, 0.7582]
LV=[0.8956, 0.6738, 0.8541, 0.6431, 0.6247, 0.3864, 0.0000, 0.0536, 0.0000, 0.0107, 0.0277, 0.0867, 0.4788, 0.6934, 0.6993, 0.2432, 0.2500, 0.5000, 0.2118, 0.5000, 0.2500, 0.4583, 0.6999, 0.6906, 0.6960, 0.6830, 0.6885, 0.7018]
foreground=[0.9376, 0.9383, 0.9358, 0.9182, 0.9193, 0.9260, 0.9219, 0.9118, 0.9131, 0.9138, 0.9150, 0.9179, 0.9150, 0.9167, 0.9186, 0.9058, 0.9094, 0.9185, 0.9238, 0.9287, 0.9216, 0.9193, 0.9265, 0.9270, 0.9274, 0.9268, 0.9253, 0.9216]
z008:
RV=[0.2075, 0.3856, 0.1784, 0.4055, 0.6421, 0.6999, 0.8427, 0.8339, 0.8522, 0.8523, 0.6428, 0.8342, 0.6618, 0.6601, 0.6575, 0.6514, 0.8603, 0.8657, 0.6555, 0.8633, 0.8656, 0.6528, 0.6539, 0.6514, 0.6556, 0.6540, 0.6533, 0.6538]
MYO=[0.6258, 0.6341, 0.6440, 0.6650, 0.6691, 0.6702, 0.6846, 0.7019, 0.7093, 0.7287, 0.7412, 0.7322, 0.7121, 0.6882, 0.6883, 0.6854, 0.6720, 0.6665, 0.6661, 0.6684, 0.6734, 0.6842, 0.6811, 0.6726, 0.6793, 0.6781, 0.6691, 0.6501]
LV=[0.2072, 0.0014, 0.2035, 0.0013, 0.0005, 0.0000, 0.0909, 0.0909, 0.1111, 0.2111, 0.1000, 0.0086, 0.2500, 0.7500, 0.7500, 0.2500, 0.0000, 0.2500, 0.0006, 0.2500, 0.0000, 0.0000, 0.0006, 0.5000, 0.2500, 0.2148, 0.2153, 0.5000]
foreground=[0.8470, 0.8676, 0.8578, 0.8585, 0.8853, 0.8821, 0.8843, 0.8823, 0.8813, 0.8939, 0.8850, 0.8854, 0.9121, 0.8807, 0.8809, 0.8882, 0.9076, 0.8990, 0.8977, 0.8973, 0.8969, 0.8910, 0.8841, 0.8847, 0.8843, 0.8878, 0.8865, 0.8837]
